"","IdEstablecimiento","OriginalGRD","Prediction"
"1",101100,0.84754,0.909345600908982
"2",102100,0.86395,0.910221920345339
"3",103100,1.00494,0.976295448973265
"4",103101,0.81698,0.85649810156019
"5",103102,-1,0.83755578921779
"6",103103,-1,0.835789995517705
"7",103104,-1,0.83541137921174
"8",104100,0.94045,0.881494263787265
"9",104101,-1,0.834519233227214
"10",104102,-1,0.834528300104836
"11",104103,0.82919,0.849388272042969
"12",104104,-1,0.834545932858236
"13",105100,0.94906,0.906599970356234
"14",105101,0.98017,0.92624804490902
"15",105102,0.7742,0.897674610759549
"16",105103,-1,0.839077689111756
"17",105104,-1,0.835322034317729
"18",105105,-1,0.834551264645801
"19",105106,-1,0.834532485948444
"20",105107,-1,0.834795829717547
"21",105108,-1,0.834874395283782
"22",106100,0.99546,0.966838329387291
"23",106102,1.32904,0.889065874580562
"24",106103,0.74226,0.846029651002857
"25",106104,-1,0.834518049756102
"26",106105,-1,0.834523041394808
"27",107100,1.19176,0.972419124525217
"28",107101,0.85354,0.874187363408991
"29",107102,0.73262,0.843839842341024
"30",107103,-1,0.835273206011488
"31",107104,-1,0.83574389057747
"32",107105,-1,0.837943126860709
"33",107106,-1,0.834733073078755
"34",107107,-1,0.834519303674335
"35",107108,-1,0.835082175277097
"36",107109,-1,0.835517043087371
"37",107110,-1,0.837205913408592
"38",108100,0.8969,0.868507672394651
"39",108101,0.91808,0.869237942324214
"40",108102,-1,0.834703911459467
"41",108104,-1,0.834522759159422
"42",108105,-1,0.834518049756102
"43",109100,0.89729,0.992927809716661
"44",109101,1.17727,0.938936078581068
"45",109102,-1,0.840266424339782
"46",109103,-1,0.860868371014249
"47",109104,-1,0.834524230610233
"48",110100,1.12193,0.985898932718226
"49",110110,-1,0.906510820793944
"50",110120,0.89206,0.925455280179975
"51",110130,0.90642,0.861126548010614
"52",110140,-1,0.836524760206828
"53",110150,0.70746,0.846164251576726
"54",110160,-1,0.834528123655342
"55",111100,0.85661,0.949859077156479
"56",111101,1.07755,0.943058925780131
"57",111195,1.55007,0.936421109514368
"58",111351,-1,0.83665142092358
"59",112100,1.00464,0.981087285851284
"60",112101,0.82858,0.875017193607152
"61",112102,1.34642,0.931200604802583
"62",112103,2.37388,0.87433282835419
"63",112104,1.82874,0.885124808801879
"64",112105,-1,0.835600366335938
"65",112106,-1,0.834811200630097
"66",112107,-1,0.83492103212738
"67",113100,1.06338,0.998674157490072
"68",113130,0.98356,0.87617990221299
"69",113150,0.71253,0.857914468831001
"70",113160,-1,0.838206799252461
"71",113170,-1,0.834574465933503
"72",113180,0.8502,0.888661875216984
"73",113190,-1,0.84275865309808
"74",114101,1.0354,1.00677147425846
"75",114102,-1,0.84158948164226
"76",114103,0.91219,0.928739051878645
"77",114104,-1,0.887045042280861
"78",114105,0.91619,0.938100119091174
"79",114204,-1,0.83249062230428
"80",115100,1.06101,0.997677264475583
"81",115101,-1,0.834522339852189
"82",115102,-1,0.834521711628775
"83",115103,-1,0.834517662821593
"84",115104,-1,0.841208503585939
"85",115105,-1,0.834300108151832
"86",115106,-1,0.834695953939706
"87",115107,0.83637,0.853456466437452
"88",115108,-1,0.834723160721664
"89",115109,-1,0.834516579460248
"90",115110,0.73363,0.844598158514394
"91",115111,-1,0.834760585956049
"92",115112,-1,0.834601302840057
"93",115113,-1,0.83452024127773
"94",115114,-1,0.834584962781806
"95",116100,0.85989,0.88383948725315
"96",116101,-1,0.834520484532329
"97",116102,-1,0.834666142409612
"98",116103,-1,0.834654569861062
"99",116104,-1,0.83457795945662
"100",116105,1.10166,1.00286524419997
"101",116106,-1,0.834521792614826
"102",116107,-1,0.836554174975454
"103",116108,0.87035,0.886941497768764
"104",116109,-1,0.837245156728178
"105",116110,0.74862,0.838417214193776
"106",116111,-1,0.834893332087849
"107",116112,-1,0.83454908945872
"108",117101,0.90975,0.905624097913961
"109",117102,0.78991,0.849620991603672
"110",117103,-1,0.834519260999651
"111",117104,-1,0.834589623018922
"112",117106,-1,0.834851390764484
"113",117107,-1,0.834656320523661
"114",117108,-1,0.834635727039402
"115",118100,1.1799,0.990702383154249
"116",118103,-1,0.911587323314998
"117",118105,0.69102,0.835181527329973
"118",118106,-1,0.835292567420545
"119",118107,-1,0.834527351143956
"120",118108,-1,0.834686973212882
"121",119100,0.99895,0.976719814953202
"122",119101,-1,0.839253393038694
"123",119102,-1,0.846124542641521
"124",120101,0.98837,0.975887597042415
"125",120102,-1,0.834658207379624
"126",120103,-1,0.834531233188332
"127",120104,-1,0.834655230660053
"128",120105,-1,0.834732284637767
"129",120106,-1,0.834567228030739
"130",120107,-1,0.834749647859419
"131",121109,1.10867,0.986164009879457
"132",121110,0.69572,0.850373791372341
"133",121111,-1,0.834745905714435
"134",121112,-1,0.834524580212832
"135",121113,-1,0.835761925561604
"136",121114,0.84928,0.855041379521539
"137",121115,-1,0.834586365939707
"138",121116,-1,0.834521433112171
"139",121117,0.84282,0.846288942463351
"140",121118,-1,0.834837573287288
"141",121119,-1,0.83456429060308
"142",121120,-1,0.83489556450226
"143",121121,0.62937,0.843175462009644
"144",121200,-1,0.834786533178833
"145",121201,-1,0.834524230610233
"146",122100,0.99484,0.9662183297784
"147",122101,-1,0.834521286756008
"148",122102,-1,0.836160715464498
"149",122103,-1,0.83534151462285
"150",122104,-1,0.836552782496609
"151",122105,-1,0.834971265454499
"152",122106,-1,0.835006646447465
"153",122200,-1,0.834946714103567
"154",122201,-1,0.834834859334217
"155",123100,0.94303,0.924412075368731
"156",123101,-1,0.835235748607204
"157",123102,-1,0.834847899365061
"158",123103,-1,0.834671079704751
"159",123104,-1,0.83464061850771
"160",123105,-1,0.834649960397994
"161",124105,0.99893,0.979699999018385
"162",124110,-1,0.835214930802382
"163",124115,-1,0.834635873489335
"164",124120,-1,0.834527357936942
"165",124125,-1,0.834743402640458
"166",124130,-1,0.835211505929743
"167",124140,-1,0.834564477738263
"168",124145,-1,0.834518049756102
"169",124210,-1,0.83249062230428
"170",124380,-1,0.834654812725623
"171",125100,0.93157,0.864127467621555
"172",125101,-1,0.83820844848778
"173",125102,-1,0.83451787094933
"174",125103,-1,0.834859684936191
"175",125104,-1,0.834633306347065
"176",126100,0.99944,0.940546340660196
"177",126101,-1,0.840831634103601
"178",126102,-1,0.834591860291626
"179",126204,-1,0.83249062230428
"180",126704,-1,0.834526370408558
"181",128109,0.75965,0.839810206048519
"182",128110,-1,0.834511070092939
"183",128111,-1,0.839199645068663
"184",128112,-1,0.83451805802555
"185",128113,-1,0.837246216225178
"186",129100,0.78169,0.861839449019162
"187",129101,-1,0.834541411203861
"188",129103,-1,0.834566697367417
"189",129104,-1,0.836006519450247
"190",129106,0.90198,0.856615039035748
"191",129107,-1,0.836423072050837
"192",129108,-1,0.834561616034537
"193",133150,0.84436,0.861597217129214
"194",133155,-1,0.845099678630316
"195",133160,-1,0.834519376342689
"196",133165,-1,0.837720915934523
"197",133170,-1,0.834518049756102
"198",200076,-1,0.834518053065543
"199",200282,-1,0.839178862343118
"200",200705,-1,0.83249062230428
"201",200714,-1,0.83249062230428
"202",200717,-1,0.866765638096181
"203",200726,-1,0.83249062230428
"204",200727,-1,0.83249062230428
"205",200867,-1,0.83249062230428
"206",200868,-1,0.83249062230428
"207",200889,-1,0.83249062230428
"208",201084,-1,0.83249062230428
"209",201319,-1,0.83249062230428
